0.299673 0.801569
0.192898 0.588875
0.132015 0.414706
0.092979 0.287740
0.065848 0.199332
0.046515 0.138424
0.032746 0.096380
0.022995 0.067231
0.016123 0.046952
0.011296 0.032813
0.007911 0.022941
0.005540 0.016043
0.003879 0.011221
0.002717 0.007849
0.001903 0.005491
0.001333 0.003842
0.000934 0.002689
0.000655 0.001882
0.000459 0.001317
0.000322 0.000922
0.000226 0.000646
0.000159 0.000452
0.000111 0.000317
0.000078 0.000222
0.000055 0.000155
0.000039 0.000109
0.000027 0.000076
0.000019 0.000054
0.000014 0.000038
0.000010 0.000026
0.000007 0.000019
0.000005 0.000013
0.000003 0.000009
0.000002 0.000006
0.000002 0.000005
0.000001 0.000003
0.000001 0.000002
0.000001 0.000002
0.000000 0.000001
0.000000 0.000001
0.000000 0.000001
0.000000 0.000000
0.000000 0.000000
0.000000 0.000000
0.000000 0.000000
0.000000 0.000000
0.000000 0.000000
0.000000 0.000000
0.000000 0.000000
0.000000 0.000000
0.000000 0.000000
0.000000 0.000000
0.000000 0.000000
0.000000 0.000000
0.000000 0.000000
0.000000 0.000000
0.000000 0.000000
0.000000 0.000000
0.000000 0.000000
0.000000 0.000000
0.000000 0.000000
0.000000 0.000000
0.000000 0.000000
0.000000 0.000000
0.000000 0.000000
0.000000 0.000000
0.000000 0.000000
0.000000 0.000000
0.000000 0.000000
0.000000 0.000000
0.000000 0.000000
0.000000 0.000000
0.000000 0.000000
0.000000 0.000000
0.000000 0.000000
0.000000 0.000000
0.000000 0.000000
0.000000 0.000000
0.000000 0.000000
0.000000 0.000000
0.000000 0.000000
0.000000 0.000000
0.000000 0.000000
0.000000 0.000000
0.000000 -0.000000
0.000000 -0.000000
-0.000000 -0.000000
-0.000000 -0.000000
-0.000000 -0.000000
-0.000000 -0.000005
0.000001 -0.000145
0.000150 -0.006672
0.013894 -0.391902
-0.508961 -1.843109
0.050657 -4.884277
1.541921 -1.810263
1.670026 -5.336879
1.633064 -6.232423
0.396971 -2.054432
1.126188 2.560412
-0.302757 -0.625081
-0.812422 -3.138468
-0.480756 -4.423322
-1.658000 -6.107630
0.947327 -2.317750
1.212976 -0.759059
-1.036756 2.538973
-1.039695 3.672926
-5.475271 -1.302963
-3.471334 4.646559
-4.176962 5.946469
-0.468224 6.074730
-2.281333 -0.863329
-4.292765 -0.455609
-5.601069 1.702934
-3.610960 -6.044278
5.828219 -3.857523
5.262670 -2.615202
4.023785 3.109825
-0.569451 -4.583417
0.102968 -4.936678
3.870324 -1.897646
4.646038 3.175454
1.261261 2.385217
3.795472 5.316805
-3.310621 -1.422040
4.157283 -1.101072
1.050611 -2.663147
2.921968 4.393077
-0.732952 -3.178867
-1.408173 1.645265
-1.342106 -4.922120
-2.975874 4.334715
-4.739456 -5.714293
-0.782873 3.190207
2.936050 3.592227
-0.407375 -4.687771
1.845179 -0.833857
-3.016349 5.519699
-1.852091 -3.594731
4.055386 2.306056
3.125653 4.969632
4.032867 -2.157482
-1.358684 0.372213
4.403921 5.059655
0.916720 -3.868334
4.437953 6.014986
-0.827247 6.149607
-1.653319 1.119400
2.695541 -5.186648
-0.012650 -0.086329
4.188586 5.317499
-5.337519 -0.410277
-5.480108 -2.246974
3.966057 0.261116
4.352330 -1.201895
-2.796523 -2.510795
-2.475933 -6.019873
-2.101903 3.910282
-2.343189 -5.774428
-1.810364 -1.033909
-0.458071 5.742873
4.105891 0.936108
-4.950585 1.048860
5.485794 2.018071
0.120537 -3.035438
2.533128 -3.351171
4.744257 -4.086791
5.588168 -2.881003
2.840613 3.639315
-3.512757 0.631654
-2.372419 2.076516
0.259099 -0.657966
-5.983631 -5.160075
3.757118 -2.900897
6.117916 -3.578810
0.477620 3.078159
-3.936177 4.528169
-4.330730 4.424788
-3.451431 -1.694567
0.578621 1.454317
1.610709 2.309489
6.092720 4.413844
3.823303 0.946797
-3.690053 -2.364442
-5.872777 4.635004
-5.591907 -3.452282
-5.370070 -4.411342
-2.402607 -3.837060
-4.116525 4.789124
-5.910657 0.377969
-5.129317 5.930005
-5.772653 3.333377
-4.797930 -5.010522
2.924483 3.549467
-3.691652 -2.947390
3.406132 -5.865990
-3.397593 2.823929
4.517608 0.598906
-0.583429 -4.610286
5.003073 -5.632192
4.674389 -0.833346
1.154383 4.668765
-4.534482 0.456335
3.372368 4.510395
-5.673494 -3.215780
-0.823673 -3.169558
-5.586891 4.569860
-1.373157 4.018826
-4.470408 -1.143371
-1.498129 -2.289902
-3.326344 2.107982
0.412583 0.450665
5.511277 1.295165
-5.295325 -6.253777
5.526861 -3.023761
5.622335 0.735222
0.632416 3.762098
-1.818905 5.605909
5.749822 -1.632117
-1.458318 0.235404
4.734290 -2.373553
-5.441971 5.215840
0.460217 -4.341161
1.092790 -5.125976
1.397835 1.392301
5.579516 -2.106762
2.277186 5.417929
-4.912373 3.257420
0.833286 1.053523
5.358993 -5.619027
1.153255 -3.477860
2.033564 1.982717
1.732962 2.015545
1.182802 6.101216
-2.771636 -3.826600
3.176178 1.668883
2.768196 -2.656996
-4.296470 -3.687343
-1.121191 1.685975
2.675907 3.507823
-1.050552 -5.666203
3.903181 -4.348724
0.363159 -4.085161
-0.627151 1.964962
-5.147419 -1.462684
4.776887 2.486430
-6.041470 0.100675
-3.707613 -2.304646
-2.711431 -0.048016
0.234005 -1.459022
-5.949935 -5.020918
-1.268976 -2.597219
-1.232151 5.640150
2.476335 5.737617
-2.818905 -2.368723
-4.227281 -5.553675
3.343373 -1.922531
-5.133143 -1.977789
-2.737457 6.119142
0.886474 -2.078024
0.320437 0.464555
0.498634 -3.521714
1.834867 1.964452
4.323827 6.115166
-5.002454 -4.215933
-3.696529 -4.556754
4.888414 -2.628248
-3.505923 3.446512
-3.453136 3.462774
-5.152156 -3.368696
5.784043 1.540907
-1.102389 -3.030134
4.491274 -3.304757
-6.103872 6.060752
4.712896 -0.837732
-2.557462 4.156985
-2.123894 0.889490
-4.449643 4.395470
-3.635470 -0.064878
-4.906273 -5.231527
3.886249 3.647355
-6.137317 1.001058
1.301361 -0.259264
-2.726886 4.520266
-6.094130 -1.166215
-5.239403 6.133883
-5.770391 2.300206
4.064726 -2.614712
-0.148021 4.025382
-3.151105 1.181090
3.338647 0.570972
3.156464 2.452030
0.589691 -1.208840
-0.798133 -6.040750
3.421956 -0.412878
4.143961 4.224646
0.282538 -5.032977
-5.030503 -0.123300
-6.135968 -2.001994
